0.00390625	0.01171875	0.01953125	0.02734375	0.03515625	0.04296875	0.05859375	0.06640625	0.07421875	0.08203125	0.09765625	0.10546875	0.11328125	0.12109375	0.12890625	0.13671875	0.14453125	
0.00390625	0.01171875	0.03515625	0.04296875	0.05078125	0.07421875	0.08203125	0.08984375	0.10546875	0.11328125	0.12890625	0.13671875	
0.00390625	0.01171875	0.01953125	0.02734375	0.03515625	0.04296875	0.05078125	0.05859375	0.06640625	0.07421875	0.08203125	0.08984375	0.09765625	0.11328125	0.12109375	0.12890625	0.13671875	0.14453125	
0.00390625	0.01171875	0.01953125	0.02734375	0.03515625	0.04296875	0.05078125	0.05859375	0.06640625	0.07421875	0.08203125	0.08984375	0.09765625	0.11328125	0.12109375	0.12890625	0.13671875	0.14453125	
0.00390625	0.01171875	0.01953125	0.03515625	0.05078125	0.06640625	0.07421875	0.08203125	0.08984375	0.10546875	0.11328125	0.12890625	0.13671875	0.14453125	
0.01171875	0.01953125	0.02734375	0.03515625	0.04296875	0.07421875	0.08203125	0.08984375	0.09765625	0.12109375	0.12890625	0.13671875	
0.00390625	0.01171875	0.01953125	0.02734375	0.03515625	0.04296875	0.05078125	0.05859375	0.06640625	0.07421875	0.08203125	0.08984375	0.09765625	0.10546875	0.12109375	0.12890625	0.13671875	
0.00390625	0.01171875	0.01953125	0.02734375	0.05078125	0.05859375	0.06640625	0.07421875	0.08203125	0.10546875	0.11328125	0.12890625	0.13671875	0.14453125	
0.00390625	0.01171875	0.01953125	0.02734375	0.03515625	0.04296875	0.05078125	0.05859375	0.06640625	0.07421875	0.08203125	0.08984375	0.09765625	0.10546875	0.11328125	0.12109375	0.12890625	
0.02734375	0.03515625	0.04296875	0.05078125	0.05859375	0.06640625	0.07421875	0.08203125	0.09765625	0.10546875	0.11328125	0.12890625	0.13671875	0.14453125	
0.00390625	0.01171875	0.01953125	0.02734375	0.03515625	0.04296875	0.05078125	0.05859375	0.06640625	0.07421875	0.08203125	0.08984375	0.10546875	0.12109375	0.12890625	0.13671875	0.14453125	
0.01171875	0.01953125	0.02734375	0.03515625	0.05078125	0.05859375	0.07421875	0.08203125	0.08984375	0.09765625	0.10546875	0.11328125	0.12890625	0.13671875	0.14453125	
0.00390625	0.01171875	0.01953125	0.03515625	0.04296875	0.05078125	0.06640625	0.07421875	0.10546875	0.11328125	0.12109375	0.12890625	0.14453125	
0.00390625	0.01171875	0.01953125	0.03515625	0.04296875	0.05078125	0.05859375	0.07421875	0.08203125	0.08984375	0.09765625	0.10546875	0.11328125	0.12109375	0.13671875	
